# Blender 4.5.3 LTS
# www.blender.org
o Cubo.013
v 0.139051 -0.149176 -0.079834
v 0.126824 -0.150800 0.095590
v -0.130125 -0.145995 -0.098567
v -0.142352 -0.147618 0.076857
v 0.142352 0.147618 -0.076857
v 0.130125 0.145995 0.098567
v -0.126824 0.150800 -0.095590
v -0.139051 0.149176 0.079834
v 0.521145 1.132522 -3.653359
v 0.535001 -0.456623 -3.672232
v 0.534923 1.096209 -0.585533
v 0.548779 -0.492935 -0.604405
v -1.180525 1.117597 -3.645893
v -1.166669 -0.471548 -3.664765
v -1.166746 1.081284 -0.578066
v -1.152891 -0.507861 -0.596939
v 0.543551 -0.449934 -3.655859
v 0.537827 0.354679 -2.851569
v -1.202114 -0.453151 -3.665063
v -1.207837 0.351462 -2.860774
v 0.546276 0.343997 -4.450089
v 0.540552 1.148610 -3.645800
v -1.199389 0.340780 -4.459294
v -1.205112 1.145393 -3.655004
v 0.543551 -0.449934 -3.655859
v 0.537827 0.354679 -2.851569
v -1.202114 -0.453151 -3.665063
v -1.207837 0.351462 -2.860774
v 0.546276 0.343997 -4.450089
v 0.540552 1.148610 -3.645800
v -1.199389 0.340780 -4.459294
v -1.205112 1.145393 -3.655004
v -0.560817 1.113536 -0.532379
v -0.561757 1.677174 -0.532192
v -0.561014 1.114073 -2.151432
v -0.561954 1.677710 -2.151245
v -0.118392 1.114274 -0.532433
v -0.119332 1.677912 -0.532246
v -0.118589 1.114811 -2.151486
v -0.119529 1.678448 -2.151299
v -0.136016 0.097691 -2.264853
v -0.125888 0.843208 -1.405554
v -0.568554 0.099349 -2.261194
v -0.558427 0.844866 -1.401895
v -0.138989 0.945903 -3.000717
v -0.128862 1.691421 -2.141418
v -0.571527 0.947561 -2.997058
v -0.561400 1.693079 -2.137759
v -1.267370 0.191350 -0.200322
v -1.779504 0.437153 -0.200322
v -1.267370 0.191350 -1.819375
v -1.779504 0.437153 -1.819375
v -1.076586 0.588851 -0.200322
v -1.588720 0.834654 -0.200322
v -1.076586 0.588851 -1.819375
v -1.588720 0.834654 -1.819375
v -0.164093 0.133121 -1.894336
v -0.857762 0.470036 -1.057868
v -0.356019 -0.254521 -1.897362
v -1.049688 0.082393 -1.060893
v -0.901660 0.504239 -2.655466
v -1.595328 0.841153 -1.818998
v -1.093586 0.116596 -2.658492
v -1.787254 0.453510 -1.822023
v 0.340632 0.589343 -0.278265
v 0.821556 0.873384 -0.278347
v 0.340560 0.589000 -1.897318
v 0.821484 0.873041 -1.897400
v 0.564626 0.210088 -0.278195
v 1.045550 0.494130 -0.278276
v 0.564555 0.209745 -1.897248
v 1.045478 0.493787 -1.897329
v -0.324031 -0.295009 -1.936213
v 0.343129 0.095477 -1.101520
v -0.540577 0.079436 -1.938303
v 0.126583 0.469922 -1.103610
v 0.391024 0.114259 -2.699211
v 1.058184 0.504745 -1.864518
v 0.174478 0.488704 -2.701301
v 0.841638 0.879189 -1.866608
v -0.209340 -0.238506 -0.097589
v -0.203834 0.218246 -0.096157
v -0.168142 -0.233930 -1.716183
v -0.162636 0.222822 -1.714751
v 0.189160 -0.243341 -0.087460
v 0.194666 0.213411 -0.086028
v 0.230358 -0.238765 -1.706053
v 0.235864 0.217987 -1.704622
v -0.869604 -0.220859 -0.122878
v -0.864524 0.235878 -0.118297
v -0.756984 -0.205905 -1.738639
v -0.751904 0.250831 -1.734058
v -0.463940 -0.225654 -0.094648
v -0.458860 0.231083 -0.090067
v -0.351320 -0.210700 -1.710408
v -0.346240 0.246036 -1.705827
v -0.498233 0.368286 -0.157385
v -0.493119 0.828068 -0.152774
v -0.385571 0.383245 -1.773753
v -0.380457 0.843027 -1.769141
v -0.066244 0.363179 -0.127322
v -0.061130 0.822962 -0.122711
v 0.046418 0.378138 -1.743690
v 0.051532 0.837921 -1.739079
v -0.521546 -0.126849 -0.112951
v -0.533773 -0.128472 0.062473
v -0.790785 -0.123666 -0.131688
v -0.803012 -0.125290 0.043736
v -0.518252 0.169365 -0.109980
v -0.530479 0.167742 0.065444
v -0.787490 0.172548 -0.128717
v -0.799717 0.170924 0.046707
v -0.120556 0.466433 -0.146385
v -0.132783 0.464809 0.029037
v -0.388871 0.469604 -0.165057
v -0.401098 0.467981 0.010365
v -0.117163 0.771418 -0.143326
v -0.129390 0.769794 0.032096
v -0.385479 0.774589 -0.161998
v -0.397706 0.772966 0.013424
vn -0.0111 -0.9999 -0.0100
vn -0.9975 0.0118 -0.0694
vn 0.0111 0.9999 0.0100
vn 0.9975 -0.0118 0.0694
vn 0.0695 0.0092 -0.9975
vn -0.0695 -0.0092 0.9975
vn -0.0087 0.9999 0.0119
vn 0.0045 -0.0118 0.9999
vn -1.0000 -0.0088 0.0044
vn 0.0087 -0.9999 -0.0119
vn 1.0000 0.0088 -0.0044
vn -0.0045 0.0118 -0.9999
vn -0.0024 -0.7070 0.7072
vn -1.0000 -0.0018 -0.0053
vn 0.0024 0.7070 -0.7072
vn 1.0000 0.0018 0.0053
vn 0.0050 -0.7072 -0.7070
vn -0.0050 0.7072 0.7070
vn -1.0000 -0.0017 0.0001
vn -0.0001 0.0003 -1.0000
vn 1.0000 0.0017 -0.0001
vn 0.0001 -0.0003 1.0000
vn 0.0017 -1.0000 -0.0003
vn -0.0017 1.0000 0.0003
vn 0.0026 -0.7554 0.6553
vn -1.0000 0.0038 0.0085
vn -0.0026 0.7554 -0.6553
vn 1.0000 -0.0038 -0.0085
vn -0.0089 -0.6553 -0.7553
vn 0.0089 0.6553 0.7553
vn -0.4327 -0.9015 -0.0000
vn -0.0000 -0.0000 -1.0000
vn 0.4327 0.9015 -0.0000
vn -0.0000 -0.0000 1.0000
vn 0.9015 -0.4327 -0.0000
vn -0.9015 0.4327 -0.0000
vn 0.6568 -0.3305 0.6778
vn -0.4437 -0.8962 -0.0070
vn -0.6568 0.3305 -0.6778
vn 0.4437 0.8962 0.0070
vn 0.6097 -0.2961 -0.7352
vn -0.6097 0.2961 0.7352
vn -0.5085 0.8610 -0.0002
vn -0.0000 -0.0002 -1.0000
vn 0.5085 -0.8610 0.0002
vn -0.0000 0.0002 1.0000
vn -0.8610 -0.5085 0.0001
vn 0.8610 0.5085 -0.0001
vn -0.6368 -0.3645 0.6795
vn -0.5006 0.8657 -0.0048
vn 0.6368 0.3645 -0.6795
vn 0.5006 -0.8657 0.0048
vn -0.5864 -0.3432 -0.7337
vn 0.5864 0.3432 0.7337
vn -0.9996 0.0121 -0.0254
vn 0.0254 0.0028 -0.9997
vn 0.9996 -0.0121 0.0254
vn -0.0254 -0.0028 0.9997
vn -0.0121 -0.9999 -0.0031
vn 0.0121 0.9999 0.0031
vt 0.625000 0.000000
vt 0.375000 0.250000
vt 0.375000 0.000000
vt 0.625000 0.250000
vt 0.375000 0.500000
vt 0.625000 0.500000
vt 0.375000 0.750000
vt 0.625000 0.750000
vt 0.375000 1.000000
vt 0.125000 0.750000
vt 0.125000 0.500000
vt 0.875000 0.500000
vt 0.000000 0.000000
vt 0.625000 1.000000
vt 0.875000 0.750000
s 0
f 2/1/1 3/2/1 1/3/1
f 4/4/2 7/5/2 3/2/2
f 8/6/3 5/7/3 7/5/3
f 6/8/4 1/9/4 5/7/4
f 7/5/5 1/10/5 3/11/5
f 4/12/6 6/8/6 8/6/6
f 13/13/7 11/13/7 9/13/7
f 11/13/8 16/13/8 12/13/8
f 15/13/9 14/13/9 16/13/9
f 14/13/10 12/13/10 16/13/10
f 9/13/11 12/13/11 10/13/11
f 13/13/12 10/13/12 14/13/12
f 18/1/13 19/2/13 17/3/13
f 20/4/14 23/5/14 19/2/14
f 24/6/15 21/7/15 23/5/15
f 21/7/16 18/14/16 17/9/16
f 23/5/17 17/10/17 19/11/17
f 20/12/18 22/8/18 24/6/18
f 26/1/13 27/2/13 25/3/13
f 28/4/14 31/5/14 27/2/14
f 32/6/15 29/7/15 31/5/15
f 29/7/16 26/14/16 25/9/16
f 31/5/17 25/10/17 27/11/17
f 28/12/18 30/8/18 32/6/18
f 34/1/19 35/2/19 33/3/19
f 36/4/20 39/5/20 35/2/20
f 40/6/21 37/7/21 39/5/21
f 38/8/22 33/9/22 37/7/22
f 39/5/23 33/10/23 35/11/23
f 36/12/24 38/8/24 40/6/24
f 42/1/25 43/2/25 41/3/25
f 43/2/26 48/6/26 47/5/26
f 48/6/27 45/7/27 47/5/27
f 45/7/28 42/14/28 41/9/28
f 47/5/29 41/10/29 43/11/29
f 44/12/30 46/8/30 48/6/30
f 50/1/31 51/2/31 49/3/31
f 51/2/32 56/6/32 55/5/32
f 56/6/33 53/7/33 55/5/33
f 54/8/34 49/9/34 53/7/34
f 55/5/35 49/10/35 51/11/35
f 52/12/36 54/8/36 56/6/36
f 58/1/37 59/2/37 57/3/37
f 60/4/38 63/5/38 59/2/38
f 64/6/39 61/7/39 63/5/39
f 62/8/40 57/9/40 61/7/40
f 59/11/41 61/7/41 57/10/41
f 60/12/42 62/8/42 64/6/42
f 66/1/43 67/2/43 65/3/43
f 68/4/44 71/5/44 67/2/44
f 72/6/45 69/7/45 71/5/45
f 70/8/46 65/9/46 69/7/46
f 71/5/47 65/10/47 67/11/47
f 68/12/48 70/8/48 72/6/48
f 74/1/49 75/2/49 73/3/49
f 76/4/50 79/5/50 75/2/50
f 80/6/51 77/7/51 79/5/51
f 78/8/52 73/9/52 77/7/52
f 79/5/53 73/10/53 75/11/53
f 76/12/54 78/8/54 80/6/54
f 82/1/55 83/2/55 81/3/55
f 84/4/56 87/5/56 83/2/56
f 88/6/57 85/7/57 87/5/57
f 86/8/58 81/9/58 85/7/58
f 83/11/59 85/7/59 81/10/59
f 84/12/60 86/8/60 88/6/60
f 90/1/2 91/2/2 89/3/2
f 92/4/5 95/5/5 91/2/5
f 96/6/4 93/7/4 95/5/4
f 94/8/6 89/9/6 93/7/6
f 95/5/1 89/10/1 91/11/1
f 96/6/3 90/15/3 94/8/3
f 98/1/2 99/2/2 97/3/2
f 100/4/5 103/5/5 99/2/5
f 103/5/4 102/8/4 101/7/4
f 102/8/6 97/9/6 101/7/6
f 103/5/1 97/10/1 99/11/1
f 100/12/3 102/8/3 104/6/3
f 106/1/1 107/2/1 105/3/1
f 108/4/2 111/5/2 107/2/2
f 111/5/3 110/8/3 109/7/3
f 110/8/4 105/9/4 109/7/4
f 111/5/5 105/10/5 107/11/5
f 108/12/6 110/8/6 112/6/6
f 113/3/1 116/4/1 115/2/1
f 116/4/2 119/5/2 115/2/2
f 120/6/3 117/7/3 119/5/3
f 118/8/4 113/9/4 117/7/4
f 119/5/5 113/10/5 115/11/5
f 116/12/6 118/8/6 120/6/6
f 2/1/1 4/4/1 3/2/1
f 4/4/2 8/6/2 7/5/2
f 8/6/3 6/8/3 5/7/3
f 6/8/4 2/14/4 1/9/4
f 7/5/5 5/7/5 1/10/5
f 4/12/6 2/15/6 6/8/6
f 13/13/7 15/13/7 11/13/7
f 11/13/8 15/13/8 16/13/8
f 15/13/9 13/13/9 14/13/9
f 14/13/10 10/13/10 12/13/10
f 9/13/11 11/13/11 12/13/11
f 13/13/12 9/13/12 10/13/12
f 18/1/13 20/4/13 19/2/13
f 20/4/14 24/6/14 23/5/14
f 24/6/15 22/8/15 21/7/15
f 21/7/16 22/8/16 18/14/16
f 23/5/17 21/7/17 17/10/17
f 20/12/18 18/15/18 22/8/18
f 26/1/13 28/4/13 27/2/13
f 28/4/14 32/6/14 31/5/14
f 32/6/15 30/8/15 29/7/15
f 29/7/16 30/8/16 26/14/16
f 31/5/17 29/7/17 25/10/17
f 28/12/18 26/15/18 30/8/18
f 34/1/19 36/4/19 35/2/19
f 36/4/20 40/6/20 39/5/20
f 40/6/21 38/8/21 37/7/21
f 38/8/22 34/14/22 33/9/22
f 39/5/23 37/7/23 33/10/23
f 36/12/24 34/15/24 38/8/24
f 42/1/25 44/4/25 43/2/25
f 43/2/26 44/4/26 48/6/26
f 48/6/27 46/8/27 45/7/27
f 45/7/28 46/8/28 42/14/28
f 47/5/29 45/7/29 41/10/29
f 44/12/30 42/15/30 46/8/30
f 50/1/31 52/4/31 51/2/31
f 51/2/32 52/4/32 56/6/32
f 56/6/33 54/8/33 53/7/33
f 54/8/34 50/14/34 49/9/34
f 55/5/35 53/7/35 49/10/35
f 52/12/36 50/15/36 54/8/36
f 58/1/37 60/4/37 59/2/37
f 60/4/38 64/6/38 63/5/38
f 64/6/39 62/8/39 61/7/39
f 62/8/40 58/14/40 57/9/40
f 59/11/41 63/5/41 61/7/41
f 60/12/42 58/15/42 62/8/42
f 66/1/43 68/4/43 67/2/43
f 68/4/44 72/6/44 71/5/44
f 72/6/45 70/8/45 69/7/45
f 70/8/46 66/14/46 65/9/46
f 71/5/47 69/7/47 65/10/47
f 68/12/48 66/15/48 70/8/48
f 74/1/49 76/4/49 75/2/49
f 76/4/50 80/6/50 79/5/50
f 80/6/51 78/8/51 77/7/51
f 78/8/52 74/14/52 73/9/52
f 79/5/53 77/7/53 73/10/53
f 76/12/54 74/15/54 78/8/54
f 82/1/55 84/4/55 83/2/55
f 84/4/56 88/6/56 87/5/56
f 88/6/57 86/8/57 85/7/57
f 86/8/58 82/14/58 81/9/58
f 83/11/59 87/5/59 85/7/59
f 84/12/60 82/15/60 86/8/60
f 90/1/2 92/4/2 91/2/2
f 92/4/5 96/6/5 95/5/5
f 96/6/4 94/8/4 93/7/4
f 94/8/6 90/14/6 89/9/6
f 95/5/1 93/7/1 89/10/1
f 96/6/3 92/12/3 90/15/3
f 98/1/2 100/4/2 99/2/2
f 100/4/5 104/6/5 103/5/5
f 103/5/4 104/6/4 102/8/4
f 102/8/6 98/14/6 97/9/6
f 103/5/1 101/7/1 97/10/1
f 100/12/3 98/15/3 102/8/3
f 106/1/1 108/4/1 107/2/1
f 108/4/2 112/6/2 111/5/2
f 111/5/3 112/6/3 110/8/3
f 110/8/4 106/14/4 105/9/4
f 111/5/5 109/7/5 105/10/5
f 108/12/6 106/15/6 110/8/6
f 113/3/1 114/1/1 116/4/1
f 116/4/2 120/6/2 119/5/2
f 120/6/3 118/8/3 117/7/3
f 118/8/4 114/14/4 113/9/4
f 119/5/5 117/7/5 113/10/5
f 116/12/6 114/15/6 118/8/6
